created: 20231119081932838
creator: KylePan
<<<<<<< HEAD
difficulty: 3.6922874847095684
due: 20240127015848737
grade: 0
history: [{"due":"20231218080717720","interval":0,"difficulty":0.956170980055279,"stability":0.21875,"retrievability":1,"grade":-1,"lapses":0,"reps":1,"review":"20231217080717720"},{"due":"20231219013502926","interval":1,"difficulty":1.773935412429729,"stability":0.11806790392114878,"retrievability":0.6177644323744501,"grade":0,"lapses":1,"reps":1,"review":"20231218013502926"},{"due":"20231226013635212","interval":1,"difficulty":1.3836181604531024,"stability":7.079590512186888,"retrievability":0.40968274802337346,"grade":1,"lapses":1,"reps":2,"review":"20231219013635212"},{"due":"20240125062440642","interval":7,"difficulty":1.4846848321994786,"stability":29.72689878203845,"retrievability":0.9010666717463764,"grade":1,"lapses":1,"reps":3,"review":"20231226062440642"},{"due":"20240126031918907","interval":30,"difficulty":2.5838141006928503,"stability":1.097623272188053,"retrievability":0.8991292684933716,"grade":0,"lapses":2,"reps":1,"review":"20240125031918907"}]
interval: 1
lapses: 3
modified: 20240126015848737
modifier: KylePan
reps: 1
retrievability: 0.9084733840167178
review: 20240126015848737
stability: 0.8131393194811983
=======
difficulty: 2.6091379901596374
due: 20240203124509410
grade: 1
history: [{"due":"20231218080717720","interval":0,"difficulty":0.956170980055279,"stability":0.21875,"retrievability":1,"grade":-1,"lapses":0,"reps":1,"review":"20231217080717720"},{"due":"20231219013502926","interval":1,"difficulty":1.773935412429729,"stability":0.11806790392114878,"retrievability":0.6177644323744501,"grade":0,"lapses":1,"reps":1,"review":"20231218013502926"},{"due":"20231226013635212","interval":1,"difficulty":1.3836181604531024,"stability":7.079590512186888,"retrievability":0.40968274802337346,"grade":1,"lapses":1,"reps":2,"review":"20231219013635212"},{"due":"20240125062440642","interval":7,"difficulty":1.4846848321994786,"stability":29.72689878203845,"retrievability":0.9010666717463764,"grade":1,"lapses":1,"reps":3,"review":"20231226062440642"},{"due":"20240126031918907","interval":30,"difficulty":2.5838141006928503,"stability":1.097623272188053,"retrievability":0.8991292684933716,"grade":0,"lapses":2,"reps":1,"review":"20240125031918907"}]
interval: 2
lapses: 2
modified: 20240127124509411
modifier: KylePan
reps: 2
retrievability: 0.8253238894667869
review: 20240127124509406
stability: 7.402576923368473
>>>>>>> 0b56074 (Updated with Git-Sync)
tags: 中药 ?
title: 地龙
type: text/vnd.tiddlywiki

【药性】　咸，寒。归肝、脾、膀胱经。

【功效】　清热定惊，通络，平喘，利尿。

【应用】　

# 高热神昏，惊痫抽搐，癫狂
# 关节痹痛，肢体麻木，半身不遂
# 肺热喘咳
# 湿热水肿，小便不利或尿闭不通

分类：平肝息风药 息风止痉药